1000010001001001
1100010000000010
0001100100000001
0000100100000111
1100100000000001
0001110100000001
0000100100000111
0000100001000000
0000011000000101
0100100010000000
0011000000001010
0001101100001100
0000101100001000
0010101100101000
0000110101000000
0001100100000001
0000100100001000
1000110001000000
1000010001001000
0011000000001010
0001111100010011
0000101100001000
0010110000101000
0000010100000101
0001100100000001
0000100100000111
1100010000000000
0000100000001011
1000110001000000
1000010001001001
1000110011000000
1000010011000110
1000110010000000
1000010010001011
0000010101000000
0000011100001110
0100100111000000
0011000000001010
0001101100001101
0000101100001000
0010101100101000
0000011100001111
0100100111000000
0011000000001010
0001101100000111
0000101100001000
0010101100101000
0011000000001010
0001101100001001
0000101100001000
0010110000101000
0000010000000101
0001100000000001
0000100011000011
0000011011000100
0001101000000001
0000101011000100
0000011100001100
0100100111000000
0011000000001010
0001101100001101
0000101100001000
0010101100101000
0000011100001101
0100100111000000
0011000000001010
0001101100000111
0000101100001000
0010101100101000
0011000000001010
0001101100000110
0000101100001000
0010110000101000
0000010011000011
0001100000000001
0000100011000011
0000011110000000
0100100111000000
0011000000001010
0001101100000111
0000101100001000
0010101100101000
0011000000001010
0001101101011010
0000101100001000
0010110000101000
0000110101000000
0000100100001000
1000110011000000
1000010011001000
0000110111000000
0001100100000001
0000100100001000
1000110011000000
1000010011001000
0000111110000000
0001101100000001
0000101100001000
1000110010000000
1000010010001000
0000010111000000
0000011110000000
0100100111000000
0011000000001010
0001111100001110
0000101100001000
0010101100101000
0000010000000101
0000111110000000
0100101100000000
0011000000001010
0001101100000111
0000101100001000
0010101100101000
0011000000001010
0001101100111010
0000101100001000
0010110000101000
0000011100001101
0100100111000000
0011000000001010
0001101100011001
0000101100001000
0010101100101000
0000011100001100
0100100111000000
0011000000001010
0001101100010011
0000101100001000
0010101100101000
0000011100001111
0100100111000000
0011000000001010
0001101100001101
0000101100001000
0010101100101000
0000011100001110
0100100111000000
0011000000001010
0001101100000111
0000101100001000
0010101100101000
0011000000001010
0001101100011110
0000101100001000
0010110000101000
1000110011000000
1000010011000110
0000100000000111
0000010011000011
1100100000000001
0000011011000100
1100101000000001
0000101000000111
1000110010000000
1000010010001011
0000011110000000
1100101100000001
0000111010000000
0001101000000001
0000101000001000
1000110010000000
1000010010001000
0000010000000101
0100100011000000
0011000000001010
0001101100000111
0000101100001000
0010101100101000
0011000000001010
0001101100001110
0000101100001000
0010110000101000
0000010101000000
0001100100000001
0000100100001000
1000110100000000
1000010100001000
0000010101000000
0000010000000101
0100100001000000
0010101100000011
0011000000001010
0001111110011101
0000101100001000
0010110000101000
