LIX 3,0    1000110010000000
LDX 3,6    1000011100000110
AIR 3,120  0001101101111000
STR 3,0,8  0000101100001000
SIR 3,99   0001111101100011
STR 3,3,21 0000101111010101
LDX 1,8     1000010001001000
IN  2,0     1100011000000000
OUT 2,1     1100101000000001
STR 2,1,0   0000101001000000
LDA 2,1,0   0000111001000000
SIR 2,1     0001111000000001
STR 2,0,8   0000101000001000
LIX 1,0     1000110001000000
LDX 1,8     1000010001001000
JSR 0,10    0011000000001010
SIR 3,9     0001101100001001
STR 3,0,8   0000101100001000
LDR 3,3,21  0000011111010101
SIR 3,1     0001111100000001
STR 3,3,21  0000101111010101
AIR 3,1     0001101100000001
*SOB 3,0,8  I SET 0011101100101000
LIX 1,0    1000110001000000
AIR 3,20   0000101100010010
STR 3,3,20 0000101111010100
LDR 1,0,5  0000010100000101 
AIR 1,100  0001100101100100
STR 1,0,8  0000100100001000
LDX 1,8    1000010001001000
LDA 2,1,1  0000111001000001
LDR 2,3,30 0000011011011110
STR 2,0,8  0000101000001000
LDX 2,8    1000010010001000 
LDR 0,2,0  0000010010000000
LDR 1,1,0  0000010101000000
CMT 1, 0   0101100100000000
LDR 0,1,0  0000010001000000
LDR 2,2,0  0000011010000000
CMB 0,2    0101110010000000
STR 0,3,27 0000100011011011
LDR 0,3,0  0000010011000000
SMR 1,3,27 0001010111011011
STR 1,3,27 0000100111011011
LDR 2,3,29 0000011011011101
CMB 1,2    0101110110000000
TRR 1,2    0100100110000000
JSR 0,10   0011000000001010
AIR 3,5    0001101100000101
STR 3,0,8  0000101100001000 
*JCC 3,0,8 I SET 0010101100101000  
STR 0,3,28 0000100011011100
STR 1,3,29 0000100011011101
LDR 2,3,30 0000011011011110
AIR 2,1    0001101000000001
STR 2,3,30 0000101011011110
LIX 2,0    0000101000011110
JSR 0,10   0011000000001010
*SIR 3,27   0001111100011011
STR 3,0,8  0000101100001000
LDR 3,3,20 0000011111010100
SIR 3,1    0001111100000001
STR 3,3,20 0000101111010100
AIR 3,1     0001101100000001
*SOB 3,0,8  I set  0011101100101000 
LDR 1,1,0   0000010101000000
LDR 0,3,28  0000010011011100
OUT 1, 1    1100100100000001
OUT 0, 1    1100100000000001
LIX 3,0    1000110010000000
