1000110011000000
1000010011000110
0001101111001000
0000101100001000
0001111110110011
0000101111010101
1000010001001000
1100011000000000
1100101000000001
0000101001000000
0000111001000000
0001111000000001
0000101000001000
1000110001000000
1000010001001000
0011000000001010
0001111100001001
0000101100001000
0000011111010101
0001111100000001
0000101111010101
0001101100000001
0011101100101000
1000110001000000
0000011100000101 
0001101100010100
0000101111010100
0000010100000101 
0001100110110100
0000100100001000
1000010001001000
0000111001000001
0000101011011110
0000101000001000
1000010010001000 
0000010010000000
0000010101000000 
0101100100000000
0000010001000000
0000011010000000
0101110010000000
0000100011011011
0001010111011011
0000100111011011
0000011011011101
0101110110000000
0100100110000000
0011000000001010
0001101100000110
0000101100001000 
0010101100101000
0000010010000000
0000100011011100
0000100111011101
0000011011011110
0001101000000001
0000101011011110
1000110010000000
0011000000001010
0001111100011010
0000101100001000
0000011111010100
0001111100000001
0000101111010100
0001101100000001
0011101100101000 
0000010101000000
0000010011011100
1100100100000001
1100100000000001
1000110011000000
